{
    "description": "\u7ed9\u5b9a\u6a21\u8d28\u6570 $p$ \u57df\u4e0a\u7684 $k$ \u9636\u975e\u5947\u5f02\u77e9\u9635\u5217 $a$\uff0c\u7ed9\u5b9a $q$ \u6b21\u8be2\u95ee\uff0c\u6bcf\u6b21\u7ed9\u51fa $l, r$\uff0c\u6c42 $\\prod \\limits_{i = l}^r a_i$\u3002$p = 1145141$\u3002\n\n\u6ce8\uff1a\u6a21 $p$ \u57df\u4e0a\u7684\u975e\u5947\u5f02\u77e9\u9635\u6307\uff1a\u77e9\u9635\u4e58\u6cd5\u52a0\u6cd5\u5747\u5728\u6a21 $p$ \u4e0b\u8fdb\u884c\uff0c\u77e9\u9635\uff08\u5728\u5b9e\u6570\u57df\u4e0b\uff09\u7684\u884c\u5217\u5f0f\u503c\u5bf9 $p$ \u53d6\u4f59\u4e0d\u4e3a $0$\u3002",
    "inputFormat": "\u8f93\u5165\u7b2c\u4e00\u884c\u6709\u4e09\u4e2a\u6570\uff0c\u4f9d\u6b21\u8868\u793a\u77e9\u9635\u5217\u957f\u5ea6 $n$\u3001\u77e9\u9635\u9636\u6570 $k$ \u4ee5\u53ca\u8be2\u95ee\u6570 $q$\u3002\n\n\u63a5\u4e0b\u6765 $n \\times k$ \u884c\uff0c\u6bcf\u884c $k$ \u4e2a\u6574\u6570\uff0c\u4f9d\u6b21\u8868\u793a $n$ \u4e2a $k$ \u9636\u77e9\u9635\uff0c\u8be6\u89c1\u6837\u4f8b\u3002\n\n\u63a5\u4e0b\u6765 $q$ \u884c\uff0c\u6bcf\u884c\u4e24\u4e2a\u6574\u6570 $l, r$\uff0c\u8868\u793a\u4e00\u6b21\u8be2\u95ee\u3002",
    "outputFormat": "\u4e3a\u4e86\u907f\u514d\u8f93\u51fa\u8fc7\u5927\uff0c\u8bf7\u8f93\u51fa\u4e00\u884c\u4e00\u4e2a\u6574\u6570\uff0c\u8868\u793a\u6240\u6709\u8be2\u95ee\u7684\u7b54\u6848\u7684\u6240\u6709\u77e9\u9635\u5143\u7d20\u7684\u6309\u4f4d\u5f02\u6216\u548c\u3002",
    "samples": [
        [
            "3 3 3\n2 2 3\n4 5 6\n7 8 9\n2 2 3\n4 5 6\n7 8 9\n20 20 21\n22 23 24\n25 26 27\n1 2\n2 3\n1 3",
            "14921"
        ]
    ],
    "hint": "### \u6837\u4f8b 1 \u89e3\u91ca\n$a_1 = \\begin{pmatrix} 2 & 2 & 3 \\\\ 4 & 5 & 6 \\\\ 7 & 8 & 9\\end{pmatrix}$\uff0c$a_2 = \\begin{pmatrix} 2 & 2 & 3 \\\\ 4 & 5 & 6 \\\\ 7 & 8 & 9\\end{pmatrix}$\uff0c$a_3 = \\begin{pmatrix} 20 & 20 & 21 \\\\ 22 & 23 & 24\n\\\\ 25 & 26 & 27\\end{pmatrix}$\u3002\n\n$a_1 \\times a_2 = \\begin{pmatrix} 33 & 38 & 45 \\\\ \n70 & 81 & 96 \\\\\n109 & 126 &150 \\end{pmatrix}$\uff0c$a_2 \\times a_3 = \\begin{pmatrix}159 & 164 & 171 \\\\ 340 & 351 & 366 \\\\\n541 & 558& 582  \\end{pmatrix}$\uff0c$a_1 \\times a_2 \\times a_3 = \\begin{pmatrix}2621 &2704& 2820 \\\\   \n5582 & 5759 & 6006    \\\\\n8702 & 8978 & 9363    \\end{pmatrix}$\u3002\n\n\u6240\u6709\u6570\u5b57\u7684\u6309\u4f4d\u5f02\u6216\u548c\u4e3a $14921$\u3002\n\n### \u6570\u636e\u89c4\u6a21\u4e0e\u7ea6\u5b9a\n\n\u5bf9\u4e8e\u5168\u90e8\u7684\u6d4b\u8bd5\u70b9\uff0c\u4fdd\u8bc1 $1 \\leq n, q \\leq 10^6$\uff0c$2 \\leq k \\leq 3$\uff0c$1 \\leq l \\leq r \\leq n$\uff0c\u77e9\u9635\u5143\u7d20\u5747\u4e3a\u5c0f\u4e8e $p$ \u7684\u6b63\u6574\u6570\u3002"
}